72
168
145
10
10
31
16
57
148
179
120
37
114
157
166
165
99
155
5
51
130
11
98
72
36
175
20
81
122
116
163
172
124
79
105
110
24
72
161
131
139
151
62
160
176
48
91
162
111
36
113
24
99
29
53
126
115
15
28
63
101
112
107
171
150
49
32
148
42
170
67
140
161
50
95
185
97
155
111
91
182
91
73
166
148
144
107
126
197
54
52
3
111
101
32
124
1
59
75
160
175
195
34
29
65
117
18
154
114
48
87
155
119
103
65
58
110
94
93
50
181
175
155
157
5
181
143
48
105
163
58
192
130
29
118
192
172
70
27
162
30
192
43
158
35
109
151
167
180
3
45
100
111
79
116
164
104
175
92
63
79
192
22
113
2
53
122
14
11
33
126
144
189
179
193
103
93
134
56
61
40
6
147
93
94
24
133
64
68
118
43
160
175
10
39
102
100
175
33
100
104
115
119
42
57
40
68
72
12
56
106
77
61
100
190
46
109
2
46
86
125
138
176
83
17
177
