9706889
7991173
3906057
13314501
14634051
13436397
11521097
16229980
14692422
2421463
15705227
12443
16644101
14146547
2851639
16491146
6181998
5696465
12214954
10977831
13781609
9167109
4787941
14018070
13917326
2846050
412368
9518126
4676108
190135
1104552
872840
8199568
14545227
563062
5303938
5909158
8099256
9979316
4492336
1082327
5347735
44881
8403641
13614001
13949836
10789191
6185883
14056119
11438108
15742850
11059947
10807209
4078567
16287143
6128564
12404121
6431240
4164233
12844691
11749911
8537447
11117320
15717563
9538990
6449484
9722356
12284153
15485872
12097649
14297587
1423586
10605652
5995943
3386674
7217207
3391222
5819403
4458850
4823813
13670059
8980483
4887041
5204385
4717671
16207731
8162267
14010055
6184597
7577577
3361804
2655911
4021125
6816432
3493159
13381602
1237706
4973130
938177
6679114
15181976
4992560
11545404
1269470
12097303
7289908
10962108
11468166
3336427
