51
182
190
30
21
81
73
48
190
188
57
167
43
135
181
67
75
8
44
88
50
80
157
6
177
133
106
102
148
131
114
184
119
121
98
96
35
124
28
187
41
80
141
121
199
87
32
188
17
3
175
170
134
178
101
118
170
129
27
31
59
106
185
64
177
62
21
118
187
117
77
8
36
0
89
160
182
104
80
184
85
9
158
81
157
171
35
24
49
171
169
146
83
47
0
182
64
110
31
88
106
159
152
133
185
106
28
53
169
143
147
114
40
21
122
106
87
15
40
115
178
188
94
68
79
141
82
188
152
62
97
108
54
154
67
43
8
98
89
7
193
123
178
32
14
65
7
195
184
198
170
96
125
20
190
82
106
54
99
0
20
174
136
80
34
2
35
114
19
26
38
150
69
131
37
