9186129
15392766
13946278
10461485
5684290
7526085
15068153
12018778
14222978
11474309
14468653
565038
15404745
13311134
16610276
1093075
3907076
8946084
4940858
1123097
905230
15448031
13348592
4564319
14909991
7936095
15244975
5426661
12228985
12079882
8778263
6192044
9390744
15776118
3727465
3527329
7075716
12811613
4972861
8358629
15255272
12035236
12116517
2743145
1301270
3423163
14204542
15193273
7421485
5338299
16407729
10372429
2661572
10137457
12518648
9842286
10097166
10485923
5660675
8252263
13964161
7106106
11052106
15861889
7275304
5309622
5030918
5218241
5751452
9890286
79520
16326580
15358967
10257169
