5149737
9270561
9207367
8080366
7841271
1290046
427607
2404003
14197370
9934603
308570
15954656
11706596
13192538
7963840
3207315
10642506
14758214
9705779
5566775
11863512
9953839
9705629
16771391
15138899
1004516
11872228
14956474
14746221
13507561
14552030
9866943
16351658
3176159
7699910
1709270
5495550
395790
772194
4940628
9242361
12031473
12492343
9933633
12218646
4714057
10757964
12437631
3299532
7315548
4452640
14070384
12359907
15202841
1837657
13374238
13832306
11952604
4772023
3628960
6136869
2290306
12787137
330923
1610498
7124547
5291392
498184
6143444
3663711
8859626
8591780
12706260
8840269
14705472
5841370
10398608
12953043
16183745
12609273
9861055
2783372
513996
8191929
6228764
778171
1948566
2064159
6127313
15933922
16252803
2013521
6538593
9776048
13028056
3149393
10099394
14589914
9162499
13152804
10404427
7133136
2982814
8467825
352014
15408161
1511919
9106010
10152754
10587958
7074365
14963086
10485358
10112176
4854151
13350335
11733428
4950398
5906849
16121057
2614372
10120079
6828423
7664002
15767844
11044732
6611561
13351638
7486843
9940329
4111175
274679
9550852
8406470
15302151
13142338
539821
6695102
5408865
15648930
13978551
3442254
1100290
13439841
12718293
107890
8760695
1231610
7578288
1132731
13257639
11800481
9309315
13431349
