11016230
13577502
2713502
6401022
3745957
11035650
7608409
16223929
15662995
13124194
2876068
1035179
12674957
13215835
14379209
8853356
6024194
10219022
10467284
10827612
7922677
14403938
151999
9446894
5906558
4460580
2411439
14290729
3559473
10638578
11993588
16019417
16147578
14511623
4328396
12506437
7231606
1258373
1257886
4649368
2065424
13759387
2247183
12884125
5809246
6590396
14890673
10095360
12408397
6588818
6124874
5344470
16170093
3639177
6505496
1125366
8322665
4374971
13332924
1358689
8318088
2126788
14433377
1789214
11255616
4296946
5576362
10714424
13777380
7113231
6839243
4012112
15732258
13047392
13502010
13498966
15534663
7635892
8835489
9852232
2591231
664714
11721712
8641172
10496805
3648430
147813
13580370
14466793
615478
1230343
13650232
13614016
10218094
3120999
11468380
4699021
3966603
5204912
4609706
16169158
7076890
2874878
7301122
11639714
4148711
16445726
2451667
7894565
8974469
15501869
5505762
1312609
10776070
13881309
1112733
1040465
6784741
10494156
12257873
14314007
11260487
759104
12742717
4998848
8358307
7456549
3621409
11422628
10249447
6983643
9058552
6603346
12023614
14076791
3944514
3128320
6671716
2265765
3995408
1053352
5176008
7648028
15989890
14924769
6820655
3433319
9670877
12206424
15944953
5603250
10624794
7540465
7505911
14062456
3474770
6725595
16422292
2199586
11469838
13435541
4367802
12727035
6282973
1836137
2397753
5120996
14403368
9808542
9168670
8005313
6144102
11340828
10753315
8308898
11713239
15777888
6098223
13600179
10988851
10440562
8270442
